750
294
535 661
254
663
707
213
323
808 492
596
640
897 683
642
297 105
767
107
171 407
769 324
409 257
493
367
214 495
348
369
575
664 577
597
708
896
325
684 172
641
174
296
217
298
215 598
768
810 685
326
347
665 256
328
349
410 494
536
644
109
538
576
709 0
811
599 898
173 813
900
771
216
371 666
218 600
1
643 327
645
258
350 686
260
411
496 498
537 108
812
110
578 814
899
947 175
601 770
901 2
772
4
540
370
330 689
299
301
351
602
646
176
372 259
261
412
579 710
497
815
3
5
220
539
688
177
603 373
690
329
580 582
667
112
300
500
302
331 711
713
604
353 542
902 904
64 6
433
959
435
414 961
454 940
456
193
555
553 981
983
132
65 134
43
87
194
45
89
154
7
196
436
838 413
960 415
556
457
939
66 26
68 475
982 133
135
963
437 44
153 195
90
197
416
155 985
25
458 27
941 474
943 67
9
476 438
962
964
558 91
984 46
156 198
417 459
839
28
841 69
439
942
944
987
71 8
136
10 138
557
951
47 965
92
49 157
460
477
560
840 945
70
842
986
29
11
988 137
139
48
50
73
200 478
93 158
480
989
559
281
219
418 394
111
773 263
918 562
626
878
876 114
732
774 798
221 395
776
283
919 816
921
332
864
818 262
222
561
264 563
877
333
473
734
113
284
736
628 115
286
775
763 920
922
334
223 800
880
778
627
817 285
287
224 335
735 337
737 116
396
266 630
799
881 801
397
225
777
819
821
924
564 336
738
265
288 398
780
565
567
629
226 882
228
802
820
923
925
399 117
119 338
340
740 566
178
668 180
520
440
374
499
522 199
501 581
605
201
647
303
649
712
607 753
879 946
948
541
669
94 903
441
671
691
858 244
715 883
179
584
754
906
756
544 521
648
202
442
606
523 95
182 444
692
859
886
884 670
672
651 503
305
245
583 714
905
693
585 375
755
377
757
543 545
203
443 445
181
694
608 949
610
650
502
183 696
717 885
246 525
908
861 304
306 376
888
505
758 609
184
611
695 673
675 716
907
860
950
952 524
526
862 547
652
698 96
654
205
586 248
308
719
378
887
446
504
97 99
448
587 589
889
674 953
676 697
379
613
909 653
655
863
546
718
247
548 204
400
307 402
779
140
12 419
462
625 51
352
420
479
966
72 31
739
843
741
845
309
481 781
927 401
13
160 403
421
463
461 967
423
310 782
52 30
354
844
74
356
32 482
926
846 990
992
159
783 968
14
970
141
311
75
784
464 422
405 424
355 847
33
312
483
142
314
742
53 991
785
744 993
928 76
969
930 161
971
16
425
163 143
404
145
357
406
848
77
786
743
313
745
994
315
35
79 929
54 162
358
787
465 973
15 144
78
146 788
34
995 427
466 484
36 55
361
359 408
468
486
506
227 568
229
508
803
98
267
100
380
631 382
761
759 290
822
268
614
612 527
316
529 632
678
118 206
507
509
339 720
823
317
722
269 760
319
271 762
381
804
865
207 383
121
209
342
633 615
289 528
291 824
656
826
569
677
102 571
634 510
230
232
270 318
120
531
384 721
208
616
680
635 657
341 825
570
724
806 101
764
572 273
293
867
321 636
530
658
122
210
679
212
231 617
104 512
533
805 637
272
659 343
639
274
292
573 345
723
827
866 868
320
682
123 322
125
766
660 295
385 662
387
211
618 828
103
532
233
726 534
574
807
511 681
809
638
124 126
106
346
829
831
514
344 765
276
890
81
972
56
164
166
974 185
588
250 699
797 996
485
360
362
57 80
186
82 188
700 891
550
702
167
165 58
590 249
37 487
39
489
746
549
975
187
551
59 701
189
892 168
591
252 84
976
978
704
60
592
363 365
38
488
997
190 999
251
552 253
593
61 595
83
491
977 703
41
170
364
705 366
893
998
895
62
687
594
255
490 40
554
42
85 191
706
63
979 169
192
86 894
88 980
368 234
17
19
386 388
931
954
910 447
725
933
789 147
727
235
849
426 237
869
830
620 871
467
832 469
747
275
790
513 911
875
913
18 20
955
148
389
451
850
449 932
278
791
870
128 236
428 793
430
833 619
621
851
470 912
515
729
914
21
149
517 390
450
873 452
277
127
792
834 934
429
852
748
854
957 238
516
471 150
728
872 130
730
749 795
22
453
874
623
935
239
937 916
519
392 750
853 752
917
279
431
956 129
240
23
794 131
151 242
472
622 624
836
796 856
936
938
391
915 432
393
280 434
282
24
518 455
751 835
958 731
855
837 152
733
241
857 243